0.000010 0.999960 0.000010 0.000010 0.000010
0.000010 0.999960 0.000010 0.000010 0.000010
0.000010 0.999960 0.000010 0.000010 0.000010
0.000010 0.999960 0.000010 0.000010 0.000010
0.000010 0.999960 0.000010 0.000010 0.000010
0.000010 0.999960 0.000010 0.000010 0.000010
0.000010 0.999960 0.000010 0.000010 0.000010
0.000010 0.999960 0.000010 0.000010 0.000010
0.131157 0.851484 0.000010 0.000010 0.017339
0.000010 0.999960 0.000010 0.000010 0.000010
0.000010 0.999960 0.000010 0.000010 0.000010
0.000010 0.999960 0.000010 0.000010 0.000010
0.099347 0.854826 0.000010 0.000010 0.045808
0.000010 0.999960 0.000010 0.000010 0.000010
0.000010 0.999960 0.000010 0.000010 0.000010
0.000010 0.999960 0.000010 0.000010 0.000010
0.000010 0.999960 0.000010 0.000010 0.000010
0.000010 0.999960 0.000010 0.000010 0.000010
0.000010 0.000010 0.000010 0.999960 0.000010
0.000010 0.000010 0.000010 0.999960 0.000010
0.000010 0.000010 0.000010 0.999960 0.000010
0.000010 0.046017 0.000010 0.953953 0.000010
0.000010 0.029366 0.000010 0.970604 0.000010
0.041158 0.030875 0.052159 0.848423 0.027386
0.555317 0.131020 0.061768 0.163173 0.088722
0.610720 0.170656 0.000010 0.103250 0.115364
0.666092 0.183636 0.000010 0.000010 0.150252
0.603228 0.239708 0.000010 0.000010 0.157043
0.240381 0.157181 0.080229 0.423486 0.098722
0.615577 0.241653 0.007413 0.000010 0.135347
0.265694 0.121778 0.009417 0.495183 0.107928
0.304644 0.064945 0.091319 0.444106 0.094986
0.124058 0.032922 0.000010 0.806447 0.036563
0.641365 0.142894 0.071978 0.000010 0.143753
0.712787 0.196516 0.003326 0.000010 0.087361
0.708881 0.165280 0.014548 0.000010 0.111280
0.634357 0.097113 0.081404 0.054437 0.132689
0.707670 0.138335 0.000010 0.000010 0.153975
0.776714 0.131758 0.000010 0.000010 0.091508
0.764137 0.153953 0.000010 0.000010 0.081889
0.768407 0.104039 0.000010 0.000010 0.127534
0.761322 0.108905 0.000017 0.000010 0.129746
0.723748 0.160414 0.022633 0.007967 0.085238
0.672786 0.177633 0.004577 0.000010 0.144995
0.732011 0.096056 0.010688 0.000010 0.161234
0.745783 0.099777 0.000010 0.000010 0.154420
0.797926 0.111037 0.000010 0.024567 0.066460
0.796118 0.112509 0.002841 0.022876 0.065656
0.763347 0.140870 0.000010 0.000010 0.095763
0.761449 0.144465 0.000017 0.000010 0.094058
0.783704 0.099602 0.000010 0.000010 0.116674
0.715674 0.133469 0.000010 0.000010 0.150837
0.000010 0.000010 0.000010 0.999960 0.000010
0.065473 0.028518 0.000010 0.899692 0.006307
0.012501 0.001738 0.008816 0.976935 0.000010
0.111016 0.053176 0.024873 0.130657 0.680278
0.000010 0.000010 0.000010 0.000010 0.999960
0.000010 0.000010 0.000010 0.000010 0.999960
0.227710 0.064053 0.000010 0.000010 0.708218
0.000010 0.000010 0.000016 0.000010 0.999954
0.106684 0.047887 0.003465 0.179783 0.662181
0.000010 0.000017 0.000010 0.000010 0.999953
0.000010 0.000010 0.000010 0.000010 0.999960
0.206235 0.106546 0.000010 0.000010 0.687199
0.000010 0.000011 0.000010 0.482680 0.517290
0.000010 0.000010 0.000010 0.000010 0.999960
0.000010 0.000010 0.000010 0.000010 0.999960
0.325737 0.124484 0.017330 0.030515 0.501935
0.000010 0.000010 0.000010 0.000010 0.999960
0.000010 0.000010 0.000010 0.000010 0.999960
0.000010 0.000010 0.000010 0.000010 0.999960
0.000012 0.000010 0.000010 0.000010 0.999958
0.000010 0.000010 0.000010 0.999960 0.000010
0.069928 0.000010 0.086458 0.806920 0.036684
0.000010 0.000010 0.000010 0.999960 0.000010
0.000010 0.000010 0.108404 0.887742 0.003834
0.000010 0.000010 0.000010 0.990027 0.009943
0.000010 0.000010 0.000010 0.999960 0.000010
0.000010 0.000010 0.000010 0.999960 0.000010
0.000010 0.007567 0.000010 0.990929 0.001483
0.048789 0.018532 0.000010 0.932659 0.000010
0.000010 0.000010 0.000010 0.999960 0.000010
0.032976 0.007948 0.000010 0.959056 0.000010
0.000010 0.000010 0.000010 0.999960 0.000010
0.000010 0.000010 0.000010 0.999960 0.000010
0.000010 0.000010 0.000010 0.999960 0.000010
0.999960 0.000010 0.000010 0.000010 0.000010
0.972095 0.000010 0.000010 0.000010 0.027875
0.920892 0.036725 0.011410 0.030964 0.000010
0.945639 0.000010 0.000010 0.000010 0.054331
0.999960 0.000010 0.000010 0.000010 0.000010
0.981505 0.000010 0.000010 0.000010 0.018465
0.941160 0.015383 0.000010 0.000010 0.043437
0.920122 0.006770 0.017523 0.031071 0.024514
0.948740 0.000010 0.000010 0.000010 0.051230
0.958379 0.000010 0.000010 0.000010 0.041591
0.953324 0.005151 0.000010 0.000010 0.041505
0.961885 0.000010 0.000010 0.000010 0.038085
0.959430 0.038206 0.000010 0.000010 0.002345
0.956418 0.016654 0.000010 0.000010 0.026908
0.982455 0.009284 0.000010 0.000010 0.008240
0.929592 0.070378 0.000010 0.000010 0.000010
0.905319 0.050148 0.000010 0.000010 0.044514
0.972508 0.013256 0.000010 0.000010 0.014216
0.921661 0.036060 0.006304 0.000274 0.035701
0.932693 0.002997 0.023195 0.023848 0.017267
0.887690 0.027476 0.000010 0.000010 0.084815
0.952276 0.009074 0.000010 0.000010 0.038629
0.000010 0.000010 0.000010 0.999960 0.000010
0.013497 0.000010 0.019733 0.966750 0.000010
0.000010 0.000010 0.123780 0.876190 0.000010
0.998404 0.000010 0.000010 0.000010 0.001566
0.981733 0.018237 0.000010 0.000010 0.000010
0.952602 0.047368 0.000010 0.000010 0.000010
0.973524 0.005083 0.000010 0.021373 0.000010
0.992836 0.000010 0.000010 0.000010 0.007134
0.983714 0.000010 0.000010 0.000010 0.016256
0.990895 0.009075 0.000010 0.000010 0.000010
0.999960 0.000010 0.000010 0.000010 0.000010
0.983236 0.000010 0.000010 0.000010 0.016734
0.967132 0.032838 0.000010 0.000010 0.000010
0.948469 0.047341 0.000010 0.000010 0.004169
0.999960 0.000010 0.000010 0.000010 0.000010
0.999960 0.000010 0.000010 0.000010 0.000010
0.956195 0.013483 0.000010 0.000010 0.030302
0.999960 0.000010 0.000010 0.000010 0.000010
0.989142 0.000010 0.000010 0.000010 0.010828
0.976055 0.023915 0.000010 0.000010 0.000010
0.999960 0.000010 0.000010 0.000010 0.000010
0.999960 0.000010 0.000010 0.000010 0.000010
0.939899 0.029158 0.000010 0.000010 0.030923
0.972032 0.000010 0.000010 0.000010 0.027938
0.966671 0.033299 0.000010 0.000010 0.000010
0.966595 0.027021 0.000010 0.000010 0.006364
0.987575 0.012395 0.000010 0.000010 0.000010
0.984924 0.000010 0.000010 0.000010 0.015046
0.973196 0.016100 0.000010 0.000010 0.010684
0.995584 0.004386 0.000010 0.000010 0.000010
0.999960 0.000010 0.000010 0.000010 0.000010
0.942607 0.000010 0.000010 0.000010 0.057363
0.972034 0.000010 0.000010 0.000010 0.027936
0.998376 0.001594 0.000010 0.000010 0.000010
0.932708 0.048328 0.000010 0.000010 0.018943
0.989982 0.000010 0.000010 0.000010 0.009988
0.981010 0.011994 0.000010 0.000010 0.006976
0.992451 0.003426 0.000010 0.000010 0.004103
0.988336 0.000010 0.000010 0.000010 0.011634
0.981352 0.000010 0.000010 0.000010 0.018618
0.972306 0.000010 0.000010 0.000010 0.027664
0.981987 0.017983 0.000010 0.000010 0.000010
0.940982 0.058988 0.000010 0.000010 0.000010
0.999960 0.000010 0.000010 0.000010 0.000010
0.980973 0.000010 0.000010 0.000010 0.018997
0.994767 0.000010 0.000010 0.000010 0.005203
0.990284 0.006816 0.000010 0.000010 0.002880
0.999960 0.000010 0.000010 0.000010 0.000010
0.000010 0.000010 0.000010 0.999960 0.000010
0.937102 0.062024 0.000010 0.000010 0.000854
0.997530 0.002440 0.000010 0.000010 0.000010
0.942493 0.011536 0.000010 0.000010 0.045951
0.958061 0.000010 0.000010 0.000010 0.041909
0.999960 0.000010 0.000010 0.000010 0.000010
0.999960 0.000010 0.000010 0.000010 0.000010
0.966885 0.016991 0.000010 0.000010 0.016105
0.976277 0.006984 0.000010 0.000010 0.016719
0.999960 0.000010 0.000010 0.000010 0.000010
0.921482 0.052882 0.000010 0.000010 0.025616
0.906424 0.016623 0.000010 0.000010 0.076933
0.973575 0.006020 0.000010 0.000010 0.020385
0.946805 0.000010 0.000010 0.000010 0.053165
0.999960 0.000010 0.000010 0.000010 0.000010
0.000010 0.000010 0.000010 0.999960 0.000010
0.000010 0.000010 0.000010 0.999960 0.000010
0.000010 0.000010 0.000010 0.999960 0.000010
0.000010 0.000010 0.000010 0.999960 0.000010
0.582178 0.276940 0.000010 0.000010 0.140862
0.720696 0.086292 0.002350 0.034807 0.155855
0.763996 0.073123 0.000018 0.000010 0.162853
0.450726 0.000010 0.077400 0.392765 0.079100
0.000010 0.000010 0.000010 0.999960 0.000010
0.000010 0.000010 0.000010 0.999960 0.000010
0.573366 0.271621 0.014778 0.021613 0.118621
0.615135 0.260819 0.005904 0.000010 0.118132
0.551495 0.336604 0.006671 0.000010 0.105220
0.607566 0.332911 0.000010 0.000010 0.059504
0.690705 0.244289 0.000072 0.000010 0.064924
0.672062 0.292201 0.000010 0.000010 0.035717
0.641115 0.242458 0.007392 0.000010 0.109025
0.000010 0.000010 0.000010 0.999960 0.000010
0.551415 0.232066 0.025120 0.014089 0.177310
0.681398 0.268299 0.000010 0.000010 0.050284
0.000010 0.000010 0.999960 0.000010 0.000010
0.005586 0.003023 0.972584 0.000010 0.018797
0.103194 0.004121 0.892665 0.000010 0.000010
0.313115 0.044967 0.641898 0.000010 0.000010
0.048283 0.000010 0.948435 0.003263 0.000010
0.058000 0.008255 0.874150 0.000010 0.059584
0.172873 0.006298 0.797719 0.000010 0.023099
0.913817 0.055738 0.000010 0.000010 0.030426
0.133122 0.000010 0.866848 0.000010 0.000010
0.141856 0.026684 0.831439 0.000010 0.000010
0.000010 0.000010 0.999960 0.000010 0.000010
0.000010 0.000010 0.999960 0.000010 0.000010
0.000010 0.000010 0.999960 0.000010 0.000010
0.000010 0.000010 0.999960 0.000010 0.000010
0.000010 0.000010 0.999960 0.000010 0.000010
0.000010 0.000010 0.999960 0.000010 0.000010
0.640167 0.306074 0.000010 0.000010 0.053739
0.561732 0.247360 0.007802 0.081048 0.102058
0.644226 0.214091 0.030633 0.025293 0.085758
0.507443 0.264307 0.000010 0.094516 0.133725
0.164952 0.032362 0.743282 0.000010 0.059395
0.163486 0.000010 0.792344 0.000010 0.044150
0.900287 0.023813 0.000010 0.000010 0.075880
0.101389 0.005441 0.893150 0.000010 0.000010
0.202987 0.028286 0.715038 0.000010 0.053679
0.347929 0.022144 0.012366 0.589999 0.027562
0.000010 0.000010 0.999960 0.000010 0.000010
0.153798 0.014143 0.781357 0.000010 0.050692
0.135616 0.078339 0.786025 0.000010 0.000010
0.836381 0.025692 0.041391 0.071482 0.025053
0.437551 0.047802 0.000010 0.490309 0.024329
0.837515 0.036255 0.043563 0.082657 0.000010
0.851492 0.044947 0.029376 0.011356 0.062829
0.073493 0.028432 0.898055 0.000010 0.000010
0.120872 0.102126 0.739551 0.000010 0.037441
0.073859 0.027580 0.898541 0.000010 0.000010
0.063079 0.035844 0.869755 0.000010 0.031312
0.045806 0.007199 0.924734 0.000010 0.022251
0.299329 0.632649 0.000010 0.000010 0.068003
0.286998 0.613118 0.000010 0.011908 0.087966
0.297324 0.610497 0.014321 0.042833 0.035026
0.277834 0.680581 0.000011 0.000010 0.041564
0.298288 0.636151 0.000010 0.016589 0.048962
0.322078 0.655139 0.000010 0.000010 0.022764
0.300861 0.604642 0.000010 0.006317 0.088170
0.261294 0.669044 0.021141 0.038158 0.010362
0.000010 0.000010 0.000010 0.999960 0.000010
0.000010 0.092587 0.000010 0.901609 0.005784
0.021588 0.095535 0.000010 0.882857 0.000010
0.000010 0.033889 0.000010 0.959653 0.006438
0.000010 0.000010 0.000010 0.999960 0.000010
0.000010 0.000010 0.000010 0.999960 0.000010
0.000010 0.000010 0.000010 0.999960 0.000010
0.000010 0.000010 0.000010 0.999960 0.000010
0.000010 0.000010 0.000010 0.999960 0.000010
0.865968 0.036470 0.000010 0.000010 0.097542
0.966887 0.000010 0.000010 0.000010 0.033083
0.664991 0.038866 0.000010 0.251033 0.045099
0.475546 0.000225 0.000010 0.494151 0.030068
0.970088 0.000010 0.000010 0.000010 0.029882
0.946265 0.000010 0.000010 0.000010 0.053705
0.973780 0.000010 0.000010 0.000010 0.026190
0.474746 0.001273 0.000010 0.492580 0.031390
0.306002 0.606760 0.016639 0.000010 0.070590
0.300158 0.621313 0.000010 0.000010 0.078509
0.272262 0.637156 0.000010 0.000010 0.090562
0.295060 0.645141 0.000010 0.000010 0.059778
0.265319 0.633456 0.000010 0.000010 0.101204
0.268136 0.579752 0.055659 0.012616 0.083837
0.302135 0.620960 0.000010 0.000010 0.076885
0.233700 0.677333 0.000010 0.000010 0.088946
0.023042 0.008053 0.015289 0.953607 0.000010
0.062222 0.000010 0.000010 0.937748 0.000010
0.000010 0.000010 0.000010 0.988625 0.011345
0.245601 0.000010 0.027357 0.727022 0.000010
0.051432 0.008529 0.000010 0.940019 0.000010
