0.000010 0.000010 0.000010 0.000010 0.999950 0.000010
0.000010 0.000010 0.000010 0.000010 0.999950 0.000010
0.000010 0.000010 0.000010 0.000010 0.999950 0.000010
0.000010 0.000010 0.000010 0.000010 0.999950 0.000010
0.000010 0.000010 0.000017 0.000010 0.999943 0.000010
0.000010 0.000010 0.000010 0.000010 0.999950 0.000010
0.000010 0.000010 0.000010 0.000010 0.999950 0.000010
0.000010 0.000010 0.000010 0.000010 0.999950 0.000010
0.131564 0.000010 0.000013 0.000010 0.851693 0.016710
0.000010 0.000010 0.000010 0.000010 0.999950 0.000010
0.000010 0.000010 0.000010 0.000010 0.999950 0.000010
0.000010 0.000010 0.000010 0.000010 0.999950 0.000010
0.099507 0.000010 0.000010 0.000010 0.854907 0.045557
0.000010 0.000010 0.000010 0.000010 0.999950 0.000010
0.000010 0.000010 0.000010 0.000010 0.999950 0.000010
0.000010 0.000010 0.000010 0.000010 0.999950 0.000010
0.000010 0.000010 0.000010 0.000010 0.999950 0.000010
0.000010 0.000010 0.000010 0.000010 0.999950 0.000010
0.000010 0.000010 0.000010 0.999950 0.000010 0.000010
0.000010 0.000010 0.000010 0.999950 0.000010 0.000010
0.000010 0.000010 0.000010 0.999950 0.000010 0.000010
0.000010 0.003484 0.000010 0.953050 0.043437 0.000010
0.000010 0.000010 0.000010 0.970576 0.029384 0.000010
0.037411 0.036216 0.019914 0.850665 0.031607 0.024187
0.553088 0.000010 0.074721 0.155479 0.128714 0.087987
0.611583 0.000010 0.000010 0.103216 0.170363 0.114818
0.666940 0.000010 0.000010 0.000010 0.183823 0.149206
0.604162 0.000010 0.000010 0.000010 0.239228 0.156580
0.240331 0.000010 0.083377 0.419538 0.157363 0.099381
0.617459 0.000010 0.007183 0.000010 0.242036 0.133302
0.265393 0.001757 0.009893 0.494071 0.121343 0.107543
0.306444 0.000010 0.091235 0.441183 0.065063 0.096065
0.124441 0.000010 0.000010 0.806590 0.032685 0.036265
0.646088 0.000010 0.068519 0.000010 0.142142 0.143231
0.713887 0.000010 0.003915 0.000010 0.195722 0.086456
0.710702 0.002476 0.012555 0.000010 0.163684 0.110573
0.606108 0.128578 0.000010 0.050224 0.089066 0.126014
0.708835 0.000010 0.000010 0.000010 0.137668 0.153467
0.778469 0.000010 0.000010 0.000010 0.131253 0.090248
0.765769 0.000010 0.000010 0.000010 0.154059 0.080143
0.769653 0.000010 0.000010 0.000010 0.103607 0.126709
0.762505 0.000010 0.000013 0.000010 0.108470 0.128992
0.725068 0.000010 0.023456 0.007092 0.159481 0.084894
0.674641 0.000010 0.005842 0.000010 0.176300 0.143197
0.730544 0.018465 0.000019 0.000010 0.092548 0.158414
0.746501 0.000010 0.000010 0.000010 0.101576 0.151893
0.793483 0.000010 0.026218 0.013865 0.103589 0.062836
0.791664 0.000010 0.029210 0.012012 0.105084 0.062020
0.764192 0.000010 0.000010 0.000010 0.140558 0.095220
0.762657 0.000010 0.000010 0.000010 0.144111 0.093203
0.784555 0.000010 0.000010 0.000010 0.099586 0.115828
0.716131 0.000010 0.000010 0.000010 0.133443 0.150396
0.000010 0.000010 0.000010 0.999950 0.000010 0.000010
0.065167 0.000010 0.000010 0.898783 0.029156 0.006873
0.000010 0.000010 0.035834 0.964126 0.000010 0.000010
0.110514 0.007528 0.019039 0.130347 0.052569 0.680002
0.000010 0.000010 0.000010 0.000010 0.000010 0.999950
0.000010 0.000010 0.000010 0.000010 0.000010 0.999950
0.227734 0.000010 0.000010 0.000010 0.064471 0.707765
0.000010 0.000010 0.000010 0.000010 0.000010 0.999950
0.104097 0.000010 0.014535 0.174899 0.045681 0.660779
0.000010 0.000010 0.000010 0.000010 0.000010 0.999950
0.000010 0.000010 0.000010 0.000010 0.000010 0.999950
0.206600 0.000010 0.000010 0.000010 0.106384 0.686986
0.000010 0.000010 0.000010 0.482626 0.000010 0.517334
0.000010 0.000010 0.000010 0.000010 0.000010 0.999950
0.000010 0.000010 0.000010 0.000010 0.000010 0.999950
0.320356 0.000010 0.035362 0.021676 0.120951 0.501645
0.000010 0.000010 0.000010 0.000010 0.000010 0.999950
0.000012 0.000010 0.000010 0.000010 0.000010 0.999948
0.000010 0.000010 0.000010 0.000010 0.000010 0.999950
0.000010 0.000010 0.000010 0.000010 0.000010 0.999950
0.000010 0.000010 0.000010 0.999950 0.000010 0.000010
0.048106 0.116323 0.000010 0.810267 0.000010 0.025285
0.000010 0.000010 0.000010 0.999950 0.000010 0.000010
0.000010 0.055843 0.051655 0.892472 0.000010 0.000010
0.000010 0.000010 0.000010 0.989977 0.000010 0.009983
0.000010 0.000010 0.000010 0.999950 0.000010 0.000010
0.000010 0.006779 0.000010 0.993181 0.000010 0.000010
0.000010 0.025776 0.000010 0.974184 0.000010 0.000010
0.047430 0.000010 0.000010 0.932677 0.019863 0.000010
0.000010 0.000010 0.000010 0.999950 0.000010 0.000010
0.002738 0.052900 0.000010 0.944325 0.000017 0.000010
0.000010 0.000010 0.000010 0.999950 0.000010 0.000010
0.000010 0.000010 0.000010 0.999950 0.000010 0.000010
0.000010 0.000010 0.000010 0.999950 0.000010 0.000010
0.999950 0.000010 0.000010 0.000010 0.000010 0.000010
0.972145 0.000010 0.000010 0.000010 0.000010 0.027815
0.917870 0.000010 0.022916 0.025744 0.033450 0.000010
0.945773 0.000010 0.000010 0.000010 0.000010 0.054187
0.999950 0.000010 0.000010 0.000010 0.000010 0.000010
0.981569 0.000010 0.000010 0.000010 0.000010 0.018391
0.941384 0.000010 0.000010 0.000010 0.015144 0.043442
0.920936 0.000010 0.017609 0.030429 0.006556 0.024459
0.948943 0.000010 0.000010 0.000010 0.000010 0.051017
0.958593 0.000010 0.000010 0.000010 0.000010 0.041367
0.953670 0.000010 0.000010 0.000010 0.005080 0.041219
0.962106 0.000010 0.000010 0.000010 0.000010 0.037854
0.960166 0.000010 0.000010 0.000010 0.037590 0.002213
0.956464 0.000010 0.000010 0.000010 0.016704 0.026802
0.982700 0.000010 0.000010 0.000010 0.009134 0.008136
0.930106 0.000010 0.000010 0.000010 0.069854 0.000010
0.905671 0.000010 0.000010 0.000010 0.050004 0.044295
0.972654 0.000010 0.000010 0.000010 0.013218 0.014098
0.922488 0.000010 0.007346 0.000010 0.034463 0.035683
0.933257 0.000010 0.023692 0.023028 0.002709 0.017303
0.887991 0.000010 0.000016 0.000010 0.027294 0.084679
0.952501 0.000010 0.000010 0.000010 0.009048 0.038421
0.000010 0.000010 0.000010 0.999950 0.000010 0.000010
0.004362 0.000010 0.034462 0.961146 0.000010 0.000010
0.000010 0.000010 0.131361 0.868599 0.000010 0.000010
0.998897 0.000010 0.000010 0.000010 0.000010 0.001063
0.981786 0.000010 0.000010 0.000010 0.018174 0.000010
0.952884 0.000010 0.000010 0.000010 0.047076 0.000010
0.971284 0.006685 0.000010 0.019318 0.002693 0.000010
0.993257 0.000010 0.000010 0.000010 0.000010 0.006703
0.984046 0.000010 0.000010 0.000010 0.000010 0.015914
0.991096 0.000010 0.000010 0.000010 0.008864 0.000010
0.999950 0.000010 0.000010 0.000010 0.000010 0.000010
0.982861 0.000010 0.000010 0.000010 0.000010 0.017099
0.967306 0.000010 0.000010 0.000010 0.032654 0.000010
0.948997 0.000010 0.000010 0.000010 0.046889 0.004084
0.999950 0.000010 0.000010 0.000010 0.000010 0.000010
0.999950 0.000010 0.000010 0.000010 0.000010 0.000010
0.956450 0.000010 0.000010 0.000010 0.013354 0.030166
0.999950 0.000010 0.000010 0.000010 0.000010 0.000010
0.989498 0.000010 0.000010 0.000010 0.000010 0.010462
0.976258 0.000010 0.000010 0.000010 0.023702 0.000010
0.999950 0.000010 0.000010 0.000010 0.000010 0.000010
0.999950 0.000010 0.000010 0.000010 0.000010 0.000010
0.940218 0.000010 0.000010 0.000010 0.028856 0.030896
0.971790 0.000010 0.000010 0.000010 0.000010 0.028170
0.966770 0.000010 0.000010 0.000010 0.033190 0.000010
0.967026 0.000010 0.000010 0.000010 0.026805 0.006138
0.987764 0.000010 0.000010 0.000010 0.012196 0.000010
0.984837 0.000010 0.000010 0.000010 0.000010 0.015123
0.973317 0.000010 0.000010 0.000010 0.016312 0.010341
0.987624 0.012336 0.000010 0.000010 0.000010 0.000010
0.999950 0.000010 0.000010 0.000010 0.000010 0.000010
0.942695 0.000010 0.000010 0.000010 0.000010 0.057265
0.971781 0.000010 0.000010 0.000010 0.000010 0.028179
0.991077 0.008338 0.000010 0.000010 0.000555 0.000010
0.932980 0.000010 0.000010 0.000010 0.048305 0.018685
0.990254 0.000010 0.000010 0.000010 0.000010 0.009706
0.981605 0.000010 0.000010 0.000010 0.011579 0.006785
0.992771 0.000010 0.000010 0.000010 0.002980 0.004219
0.988547 0.000010 0.000010 0.000010 0.000010 0.011413
0.981437 0.000010 0.000010 0.000010 0.000010 0.018523
0.972276 0.000010 0.000010 0.000010 0.000010 0.027684
0.982270 0.000010 0.000010 0.000010 0.017690 0.000010
0.941266 0.000010 0.000010 0.000010 0.058694 0.000010
0.999950 0.000010 0.000010 0.000010 0.000010 0.000010
0.981184 0.000010 0.000010 0.000010 0.000010 0.018776
0.995036 0.000010 0.000010 0.000010 0.000010 0.004924
0.990279 0.000010 0.000010 0.000010 0.007027 0.002664
0.999950 0.000010 0.000010 0.000010 0.000010 0.000010
0.000010 0.000010 0.000010 0.999950 0.000010 0.000010
0.937377 0.000010 0.000010 0.000010 0.062158 0.000435
0.997920 0.000010 0.000010 0.000010 0.002040 0.000010
0.942895 0.000010 0.000010 0.000010 0.011175 0.045900
0.958333 0.000010 0.000010 0.000010 0.000010 0.041627
0.999950 0.000010 0.000010 0.000010 0.000010 0.000010
0.999950 0.000010 0.000010 0.000010 0.000010 0.000010
0.967197 0.000010 0.000010 0.000010 0.016680 0.016093
0.976752 0.000010 0.000010 0.000010 0.007052 0.016165
0.999950 0.000010 0.000010 0.000010 0.000010 0.000010
0.921100 0.000010 0.000010 0.000010 0.053511 0.025359
0.906932 0.000010 0.000010 0.000010 0.016322 0.076716
0.973600 0.000010 0.000010 0.000010 0.005931 0.020439
0.947034 0.000010 0.000010 0.000010 0.000010 0.052926
0.999212 0.000745 0.000012 0.000010 0.000010 0.000010
0.000010 0.000010 0.000010 0.999950 0.000010 0.000010
0.000010 0.000010 0.000010 0.999950 0.000010 0.000010
0.000010 0.000010 0.000010 0.999950 0.000010 0.000010
0.000010 0.000010 0.000010 0.999950 0.000010 0.000010
0.582496 0.000010 0.000010 0.000010 0.276700 0.140775
0.717114 0.012759 0.000010 0.032357 0.084198 0.153561
0.764540 0.008083 0.000010 0.000010 0.070056 0.157301
0.437141 0.080945 0.009902 0.396463 0.000010 0.075538
0.000010 0.000010 0.000010 0.999950 0.000010 0.000010
0.000010 0.000010 0.000010 0.999950 0.000010 0.000010
0.574155 0.000010 0.014859 0.021312 0.270857 0.118807
0.614887 0.006415 0.000784 0.000010 0.260635 0.117268
0.547716 0.015927 0.000010 0.000010 0.330965 0.105372
0.605222 0.006792 0.000010 0.000010 0.328749 0.059217
0.690090 0.005105 0.000011 0.000010 0.239866 0.064917
0.672431 0.000010 0.000010 0.000010 0.291870 0.035669
0.639329 0.012204 0.000010 0.000010 0.240251 0.108197
0.000010 0.000010 0.000010 0.999950 0.000010 0.000010
0.544037 0.039010 0.000010 0.012930 0.228455 0.175558
0.682268 0.000010 0.000010 0.000010 0.267484 0.050217
0.000010 0.070713 0.929247 0.000010 0.000010 0.000010
0.000010 0.281536 0.718424 0.000010 0.000010 0.000010
0.077037 0.252373 0.670560 0.000010 0.000010 0.000010
0.314657 0.099489 0.541860 0.000010 0.043974 0.000010
0.002761 0.000010 0.997199 0.000010 0.000010 0.000010
0.022203 0.274795 0.637720 0.000010 0.002231 0.063041
0.162990 0.162502 0.655424 0.000010 0.000010 0.019064
0.914382 0.000010 0.000010 0.000010 0.055375 0.030213
0.139419 0.067889 0.792662 0.000010 0.000010 0.000010
0.144618 0.111899 0.719731 0.000010 0.023731 0.000010
0.000010 0.186822 0.813138 0.000010 0.000010 0.000010
0.000010 0.000010 0.999950 0.000010 0.000010 0.000010
0.000010 0.000010 0.999948 0.000012 0.000010 0.000010
0.000010 0.000010 0.999950 0.000010 0.000010 0.000010
0.000010 0.000010 0.999950 0.000010 0.000010 0.000010
0.000010 0.004829 0.995131 0.000010 0.000010 0.000010
0.641212 0.000010 0.000010 0.000010 0.305517 0.053241
0.561393 0.000010 0.012333 0.078929 0.246193 0.101142
0.645113 0.000010 0.031202 0.024251 0.214089 0.085336
0.507588 0.000010 0.000010 0.094496 0.264398 0.133497
0.000010 0.999950 0.000010 0.000010 0.000010 0.000010
0.000010 0.999950 0.000010 0.000010 0.000010 0.000010
0.900510 0.000010 0.000010 0.000010 0.023785 0.075675
0.086237 0.201370 0.709859 0.000010 0.002514 0.000010
0.000010 0.999950 0.000010 0.000010 0.000010 0.000010
0.339228 0.028761 0.000010 0.586768 0.019580 0.025652
0.000010 0.232870 0.767090 0.000010 0.000010 0.000010
0.157675 0.000014 0.773588 0.000010 0.014752 0.053961
0.000010 0.999950 0.000010 0.000010 0.000010 0.000010
0.825753 0.057071 0.000010 0.071383 0.022569 0.023214
0.436014 0.005087 0.000010 0.488677 0.046783 0.023429
0.823936 0.061504 0.000010 0.081933 0.032607 0.000010
0.843205 0.044377 0.000010 0.010627 0.041857 0.059924
0.000010 0.999950 0.000010 0.000010 0.000010 0.000010
0.000010 0.941616 0.000010 0.000010 0.052120 0.006233
0.000010 0.999950 0.000010 0.000010 0.000010 0.000010
0.000010 0.635742 0.344459 0.000010 0.000312 0.019466
0.042426 0.142459 0.790851 0.000010 0.008544 0.015709
0.299198 0.000010 0.000010 0.000010 0.633200 0.067571
0.269458 0.032562 0.000010 0.000010 0.614810 0.083149
0.295514 0.012336 0.005240 0.042894 0.610076 0.033940
0.277795 0.000010 0.000010 0.000010 0.681131 0.041044
0.298362 0.000010 0.000010 0.016576 0.636548 0.048495
0.321126 0.003237 0.000010 0.000010 0.653897 0.021719
0.300501 0.000010 0.000010 0.005978 0.605409 0.088092
0.261917 0.000010 0.022103 0.037132 0.668982 0.009856
0.000010 0.000010 0.000010 0.999950 0.000010 0.000010
0.000010 0.000347 0.000010 0.900228 0.093157 0.006249
0.015907 0.016327 0.000010 0.877193 0.090553 0.000010
0.000010 0.000010 0.013255 0.953257 0.029517 0.003951
0.000010 0.000010 0.000010 0.999950 0.000010 0.000010
0.000010 0.000010 0.000010 0.999950 0.000010 0.000010
0.000010 0.000763 0.000010 0.999197 0.000010 0.000010
0.000010 0.000010 0.000010 0.999950 0.000010 0.000010
0.000010 0.000010 0.000010 0.999950 0.000010 0.000010
0.866607 0.000010 0.000010 0.000010 0.036157 0.097206
0.967404 0.000010 0.000010 0.000010 0.000010 0.032556
0.665091 0.000010 0.000010 0.251028 0.039271 0.044590
0.475596 0.000010 0.000010 0.494012 0.000560 0.029813
0.970600 0.000010 0.000010 0.000010 0.000010 0.029360
0.946723 0.000010 0.000010 0.000010 0.000010 0.053237
0.974315 0.000010 0.000010 0.000010 0.000010 0.025645
0.474853 0.000010 0.000010 0.492442 0.001609 0.031077
0.302103 0.022444 0.000010 0.000010 0.606514 0.068919
0.300213 0.000010 0.000010 0.000010 0.621807 0.077950
0.272291 0.000010 0.000010 0.000010 0.637745 0.089933
0.295532 0.000010 0.000010 0.000010 0.645515 0.058923
0.265441 0.000010 0.000010 0.000010 0.633685 0.100843
0.262071 0.055245 0.009357 0.012983 0.577629 0.082715
0.302649 0.000010 0.000010 0.000010 0.621210 0.076111
0.234213 0.000010 0.000010 0.000010 0.677688 0.088070
0.000010 0.056654 0.000010 0.943306 0.000010 0.000010
0.059403 0.000010 0.005177 0.935390 0.000010 0.000010
0.000010 0.000010 0.000010 0.989722 0.000010 0.010238
0.232438 0.042052 0.000010 0.725480 0.000010 0.000010
0.039111 0.023108 0.000010 0.932719 0.005041 0.000010
